body:
    d455b_color:
        T:
        - [-0.0005063667779342879, 0.004390860953902336, 0.999990231918679, 0.0682063644957161]
        - [0.9999682435112625, 0.007955484179591332, 0.0004714238775566064, 0.004985284223667225]
        - [-0.007953336513078169, 0.9999587144535296, -0.0043947499084668095, 0.09386005406130697]
        - [0.0, 0.0, 0.0, 1.0]
        camera_model: pinhole
        distortion_coeffs: [-0.043815062279696886, 0.035781348283354525, -0.0017927351347332768, 0.0004995428995264518]
        distortion_model: radtan
        intrinsics: [387.1445237981549, 387.01248963266613, 324.7310285651963, 238.66995044470548]
        resolution: [640, 480]
        rostopic: /d455b/color/image_raw
        timeshift_cam_imu: -0.0014047838150263888
    d455b_infra1:
        T:
        - [-0.0022578997337579657, -0.0009717964977189038, 0.9999969787456161, 0.06848378638223135]
        - [0.9999625178902136, 0.008356334051211077, 0.0022659426050660346, -0.054542385544686066]
        - [-0.00835851083968775, 0.9999646130202771, 0.0009528923083064839, 0.09424585041267339]
        - [0.0, 0.0, 0.0, 1.0]
        camera_model: pinhole
        distortion_coeffs: [0.003237769627269464, -0.003572917862784855, -0.0001862917728903394, 0.0004668621943610179]
        distortion_model: radtan
        intrinsics: [392.18686447169443, 393.05974495542637, 323.7744459749295, 236.8676530416521]
        resolution: [640, 480]
        rostopic: /d455b/infra1/image_rect_raw
        timeshift_cam_imu: -0.002746513975035155
    d455b_infra2:
        T:
        - [-0.0017084761509085073, 0.0018565252778164716, 0.9999968172065024, 0.06845822852922298]
        - [0.9999611442319408, 0.008651356271170868, 0.0016923536915628905, 0.04099746303414615]
        - [-0.008648186838283051, 0.9999608529080339, -0.0018712337769631613, 0.09342755282099995]
        - [0.0, 0.0, 0.0, 1.0]
        camera_model: pinhole
        distortion_coeffs: [0.0037092674856528045, -0.0032128099097205607, 1.0069555058980218e-05, 0.0003956563361966212]
        distortion_model: radtan
        intrinsics: [391.9891542258084, 392.823918275064, 323.9799846298074, 236.93399507186263]
        resolution: [640, 480]
        rostopic: /d455b/infra2/image_rect_raw
        timeshift_cam_imu: -0.0027206186818337155
    d455t_color:
        T:
        - [-0.006302035606901463, 0.0006822585187672139, 0.9999799092334412, 0.06761313812021136]
        - [0.9999293926428572, -0.010070325069716628, 0.006308587946255963, 0.008074504744866646]
        - [0.010074426837034198, 0.9999490602407216, -0.0006187467991339216, 0.00023454212653954205]
        - [0.0, 0.0, 0.0, 1.0]
        camera_model: pinhole
        distortion_coeffs: [-0.045929258015035036, 0.03841251967931566, 0.0003086935337313445, 0.0008207343658526602]
        distortion_model: radtan
        intrinsics: [385.538839108671, 385.6733947077097, 328.2882031921083, 243.5295974916248]
        resolution: [640, 480]
        rostopic: /d455t/color/image_raw
        timeshift_cam_imu: -0.011509235540712082
    d455t_infra1:
        T:
        - [-0.005082084261901827, -0.0018247962384031772, 0.9999854211628506, 0.06572900833708888]
        - [0.9999085062354093, -0.012545425410029436, 0.005058800189207487, -0.05148290592546038]
        - [0.012536011232759372, 0.999919637980958, 0.0018883861899609106, -0.0009844683805418143]
        - [0.0, 0.0, 0.0, 1.0]
        camera_model: pinhole
        distortion_coeffs: [0.002688660282967794, -0.001976482745728517, -0.0003490848888755425, 0.0001890333105096894]
        distortion_model: radtan
        intrinsics: [391.8010888745699, 392.5523754848037, 322.16550192225515, 238.3753107850762]
        resolution: [640, 480]
        rostopic: /d455t/infra1/image_rect_raw
        timeshift_cam_imu: -0.010319832786547495
    d455t_infra2:
        T:
        - [-0.004563591548530498, -0.001963504008215333, 0.9999876590659446, 0.06525453043489135]
        - [0.9999104263903591, -0.012591309349821911, 0.004538515694308365, 0.04407506776800331]
        - [0.012582242567546444, 0.999918798493591, 0.0020207897230075473, 0.00023394327909153034]
        - [0.0, 0.0, 0.0, 1.0]
        camera_model: pinhole
        distortion_coeffs: [0.004815964799311766, -0.0032285593613992137, -0.00043017117619106713, 9.4004786787154e-05]
        distortion_model: radtan
        intrinsics: [391.79548312399334, 392.50298821023847, 322.16023855961316, 238.43928626889266]
        resolution: [640, 480]
        rostopic: /d455t/infra2/image_rect_raw
        timeshift_cam_imu: -0.010566410736748732
    d455b_imu:
        T:
        - [0.002216548123677325, -0.0038843787113598096, 0.9999899992082141, 0.04987807057916634]
        - [0.9999588855778219, 0.00880140674794711, -0.002182290819216363, -0.024591117757982485]
        - [-0.008792841882910596, 0.9999537223498325, 0.003903727748986466, 0.09413009437644111]
        - [0.0, 0.0, 0.0, 1.0]
    d455t_imu:
        T:
        - [-0.005310397889021538, -0.005976872841583478, 0.9999680378218591, 0.0509179543843299]
        - [0.999952486638849, -0.00820631150334519, 0.005261265655324968, -0.02093926173287737]
        - [0.008174603295947394, 0.9999484653933666, 0.006020167639549626, 0.0005700744055595552]
        - [0.0, 0.0, 0.0, 1.0]
    os_imu:
        T:
        - [0.9999135040741829, -0.011166365511073908, -0.006949579221822947, -0.04261439764322902]
        - [-0.011356389542502112, -0.9995453006865817, -0.027932495268565616, -0.019784200118033782]
        - [-0.006634514801117156, 0.028009001350326527, -0.9995856536869211, -0.02556828187661365]
        - [0.0, 0.0, 0.0, 1.0]
    vn200_imu:
        T:
        - [1.0, 0.0, 0.0, 0.0]
        - [0.0, 1.0, 0.0, 0.0]
        - [0.0, 0.0, 1.0, 0.0]
        - [0.0, 0.0, 0.0, 1.0]
    ltpb_tag0:
        T:
        - [1.0, 0.0, 0.0, -0.0423]
        - [0.0, 1.0, 0.0, 0.1908]
        - [0.0, 0.0, 1.0, 0.0469]
        - [0.0, 0.0, 0.0, 1.0]
    ltpb_tag1:
        T:
        - [1.0, 0.0, 0.0, -0.0332]
        - [0.0, 1.0, 0.0, -0.191]
        - [0.0, 0.0, 1.0, 0.0543]
        - [0.0, 0.0, 0.0, 1.0]
    mid70:
        T:
        - [1.0, 0.0, 0.0, 0.02]
        - [0.0, -1.0, 0.0, 0.0]
        - [0.0, 0.0, -1.0, 0.037]
        - [0.0, 0.0, 0.0, 1.0]
    os_sensor:
        T:
        - [0.9999135040741837, -0.011166365511073898, -0.006949579221822984, -0.04894521120494695]
        - [-0.011356389542502144, -0.9995453006865824, -0.02793249526856565, -0.03126929060348084]
        - [-0.006634514801117132, 0.02800900135032654, -0.999585653686922, -0.01755515794222565]
        - [0.0, 0.0, 0.0, 1.0]
